50
113 197 14
366 621 15
554 862 19
128 575 18
638 532 18
838 268 15
125 338 15
487 39 10
593 825 10
364 381 16
458 298 18
638 417 15
702 297 18
346 420 19
338 738 13
242 662 12
916 531 13
637 845 13
247 553 18
428 33 18
61 681 18
326 66 19
949 457 19
820 817 13
289 228 16
90 223 14
885 619 16
506 811 15
246 151 18
259 619 15
460 815 16
55 459 16
843 411 16
910 787 16
725 129 12
312 913 16
937 631 11
226 972 11
82 773 15
22 853 15
399 700 19
293 854 12
616 439 12
59 293 10
891 296 17
576 241 11
936 578 15
841 764 14
522 188 10
936 173 18
